c_fric = 0.07;                  % Ns/m

L0_swing = 0.0896;              % m
L0_stance =  0.0892;            % m
k_bumper = 130000;              % N/m
k_swing = 18750;                % N/m

c_swing_comp_a1 = 213.5932;     % Ns/m
c_swing_comp_a0 = -4927.5;      % (Ns/m)^2
c_swing_ext_a1 = 146.3288;      % Ns/m
c_swing_ext_a0 = -8808.5;       % (Ns/m)^2

c_stance_comp_a0 = 885.0653;    % Ns/m
c_stance_comp_a1 = 2.1443;      % (Ns/m)^2
c_stance_ext_a0 = 65579;        % Ns/m
c_stance_ext_a1 = 7.0819;       % (Ns/m)^2

% c_stance_ext_a0 = 885.0653;    % Ns/m
% c_stance_ext_a1 = 2.1443;      % (Ns/m)^2
% c_stance_comp_a0 = 65579;        % Ns/m
% c_stance_comp_a1 = 7.0819;       % (Ns/m)^2

L3 = 0.0885;
L4 = 0.0017;
L6 = 0.0403;
L7 = 0.0149;
L10 = 0.0079;
L11 = 0.0033;
L14 = 0.0950;
L15 = 0.0082;
L18 = 0.0251;
L19 = 0.0177;
L20 = 0.0260;
L21 = 0.0017;
L25 = 0.0770;
L26 = 0.0028;

a_2_3 = 18;
a_3_4 = -90;
a_3_6 = -112;
a_3_7 = -98;
a_10_11 = -118;
a_14_15 = 90;
a_18_19 = 116;
a_18_20 = 122;
a_18_21 = 34;
a_25_26 = -90;

